6319,
6305,
6294,
6284,
6276,
6268,
6262,
6255,
6249,
6243,
6238,
6233,
6228,
6223,
6218,
6214,
6210,
6206,
6201,
6197,
6194,
6190,
6186,
6182,
6179,
6175,
6172,
6169,
6165,
6162,
6159,
6156,
6153,
6150,
6147,
6144,
6141,
6138,
6135,
6132,
6130,
6127,
6124,
6122,
6119,
6116,
6114,
6111,
6109,
6106,
6104,
6101,
6099,
6096,
6094,
6092,
6089,
6087,
6085,
6083,
6080,
6078,
6076,
6074,
6071,
6069,
6067,
6065,
6063,
6061,
6059,
6057,
6055,
6052,
6050,
6048,
6046,
6044,
6042,
6040,
6039,
6037,
6035,
6033,
6031,
6029,
6027,
6025,
6023,
6021,
6020,
6018,
6016,
6014,
6012,
6011,
6009,
6007,
6005,
6003,
6002,
6000,
5998,
5996,
5995,
5993,
5991,
5990,
5988,
5986,
5985,
5983,
5981,
5980,
5978,
5976,
5975,
5973,
5972,
5970,
5968,
5967,
5965,
5964,
5962,
5960,
5959,
5957,
5956,
5954,
5953,
5951,
5950,
5948,
5947,
5945,
5944,
5942,
5941,
5939,
5938,
5936,
5935,
5933,
5932,
5930,
5929,
5927,
5926,
5925,
5923,
5922,
5920,
5919,
5917,
5916,
5915,
5913,
5912,
5910,
5909,
5908,
5906,
5905,
5904,
5902,
5901,
5899,
5898,
5897,
5895,
5894,
5893,
5891,
5890,
5889,
5887,
5886,
5885,
5884,
5882,
5881,
5880,
5878,
5877,
5876,
5874,
5873,
5872,
5871,
5869,
5868,
5867,
5866,
5864,
5863,
5862,
5861,
5859,
5858,
5857,
5856,
5854,
5853,
5852,
5851,
5849,
5848,
5847,
5846,
5845,
5843,
5842,
5841,
5840,
5839,
5837,
5836,
5835,
5834,
5833,
5831,
5830,
5829,
5828,
5827,
5826,
5824,
5823,
5822,
5821,
5820,
5819,
5818,
5816,
5815,
5814,
5813,
5812,
5811,
5810,
5808,
5807,
5806,
5805,
5804,
5803,
5802,
5801,
5799,
5798,
5797,
5796,
5795,
5794,

