9442,
9340,
9261,
9195,
9136,
9084,
9035,
8990,
8947,
8907,
8869,
8832,
8797,
8764,
8731,
8700,
8669,
8640,
8611,
8583,
8556,
8529,
8503,
8477,
8452,
8428,
8404,
8380,
8357,
8334,
8312,
8290,
8268,
8246,
8225,
8205,
8184,
8164,
8144,
8124,
8105,
8086,
8067,
8048,
8029,
8011,
7993,
7975,
7957,
7940,
7922,
7905,
7888,
7871,
7854,
7837,
7821,
7805,
7789,
7772,
7757,
7741,
7725,
7710,
7694,
7679,
7664,
7649,
7634,
7619,
7604,
7589,
7575,
7560,
7546,
7532,
7518,
7504,
7490,
7476,
7462,
7448,
7435,
7421,
7408,
7394,
7381,
7368,
7355,
7342,
7329,
7316,
7303,
7290,
7277,
7265,
7252,
7239,
7227,
7215,
7202,
7190,
7178,
7165,
7153,
7141,
7129,
7117,
7106,
7094,
7082,
7070,
7059,
7047,
7035,
7024,
7012,
7001,
6990,
6978,
6967,
6956,
6945,
6933,
6922,
6911,
6900,
6889,
6878,
6868,
6857,
6846,
6835,
6824,
6814,
6803,
6793,
6782,
6771,
6761,
6751,
6740,
6730,
6719,
6709,
6699,
6689,
6678,
6668,
6658,
6648,
6638,
6628,
6618,
6608,
6598,
6588,
6578,
6569,
6559,
6549,
6539,
6530,
6520,
6510,
6501,
6491,
6481,
6472,
6462,
6453,
6443,
6434,
6425,
6415,
6406,
6397,
6387,
6378,
6369,
6360,
6350,
6341,
6332,
6323,
6314,
6305,
6296,
6287,
6278,
6269,
6260,
6251,
6242,
6233,
6224,
6216,
6207,
6198,
6189,
6180,
6172,
6163,
6154,
6146,
6137,
6128,
6120,
6111,
6103,
6094,
6086,
6077,
6069,
6060,
6052,
6043,
6035,
6027,
6018,
6010,
6002,
5993,
5985,
5977,
5969,
5960,
5952,
5944,
5936,
5928,
5920,
5911,
5903,
5895,
5887,
5879,
5871,
5863,
5855,
5847,
5839,
5831,
5823,
5815,
5807,
5800,
5792,
5784,
5776,
5768,
5760,
5753,
5745,
5737,

