6735,
6706,
6684,
6665,
6649,
6634,
6620,
6608,
6596,
6585,
6574,
6564,
6554,
6544,
6535,
6526,
6518,
6510,
6501,
6494,
6486,
6478,
6471,
6464,
6457,
6450,
6443,
6437,
6430,
6424,
6418,
6411,
6405,
6399,
6393,
6388,
6382,
6376,
6371,
6365,
6360,
6354,
6349,
6344,
6338,
6333,
6328,
6323,
6318,
6313,
6308,
6303,
6299,
6294,
6289,
6285,
6280,
6275,
6271,
6266,
6262,
6257,
6253,
6249,
6244,
6240,
6236,
6232,
6227,
6223,
6219,
6215,
6211,
6207,
6203,
6199,
6195,
6191,
6187,
6183,
6179,
6175,
6172,
6168,
6164,
6160,
6157,
6153,
6149,
6145,
6142,
6138,
6135,
6131,
6127,
6124,
6120,
6117,
6113,
6110,
6106,
6103,
6099,
6096,
6093,
6089,
6086,
6083,
6079,
6076,
6073,
6069,
6066,
6063,
6060,
6056,
6053,
6050,
6047,
6044,
6040,
6037,
6034,
6031,
6028,
6025,
6022,
6019,
6016,
6012,
6009,
6006,
6003,
6000,
5997,
5994,
5991,
5988,
5986,
5983,
5980,
5977,
5974,
5971,
5968,
5965,
5962,
5959,
5957,
5954,
5951,
5948,
5945,
5943,
5940,
5937,
5934,
5931,
5929,
5926,
5923,
5920,
5918,
5915,
5912,
5910,
5907,
5904,
5902,
5899,
5896,
5894,
5891,
5888,
5886,
5883,
5880,
5878,
5875,
5873,
5870,
5867,
5865,
5862,
5860,
5857,
5855,
5852,
5850,
5847,
5845,
5842,
5840,
5837,
5835,
5832,
5830,
5827,
5825,
5822,
5820,
5817,
5815,
5812,
5810,
5808,
5805,
5803,
5800,
5798,
5796,
5793,
5791,
5788,
5786,
5784,
5781,
5779,
5777,
5774,
5772,
5770,
5767,
5765,
5763,
5760,
5758,
5756,
5753,
5751,
5749,
5747,
5744,
5742,
5740,
5738,
5735,
5733,
5731,
5729,
5726,
5724,
5722,
5720,
5717,
5715,
5713,
5711,
5709,
5706,
5704,
5702,
5700,
5698,
5695,

