8072,
8031,
8000,
7974,
7951,
7930,
7911,
7893,
7876,
7860,
7845,
7830,
7817,
7803,
7790,
7778,
7766,
7754,
7743,
7732,
7721,
7710,
7700,
7690,
7680,
7670,
7661,
7651,
7642,
7633,
7624,
7616,
7607,
7599,
7590,
7582,
7574,
7566,
7558,
7550,
7543,
7535,
7527,
7520,
7513,
7505,
7498,
7491,
7484,
7477,
7470,
7463,
7457,
7450,
7443,
7437,
7430,
7424,
7417,
7411,
7405,
7398,
7392,
7386,
7380,
7374,
7368,
7362,
7356,
7350,
7344,
7339,
7333,
7327,
7321,
7316,
7310,
7305,
7299,
7294,
7288,
7283,
7277,
7272,
7267,
7261,
7256,
7251,
7246,
7241,
7235,
7230,
7225,
7220,
7215,
7210,
7205,
7200,
7195,
7190,
7185,
7180,
7176,
7171,
7166,
7161,
7157,
7152,
7147,
7142,
7138,
7133,
7129,
7124,
7119,
7115,
7110,
7106,
7101,
7097,
7092,
7088,
7083,
7079,
7075,
7070,
7066,
7062,
7057,
7053,
7049,
7044,
7040,
7036,
7032,
7027,
7023,
7019,
7015,
7011,
7007,
7003,
6998,
6994,
6990,
6986,
6982,
6978,
6974,
6970,
6966,
6962,
6958,
6954,
6950,
6946,
6942,
6939,
6935,
6931,
6927,
6923,
6919,
6915,
6912,
6908,
6904,
6900,
6896,
6893,
6889,
6885,
6881,
6878,
6874,
6870,
6867,
6863,
6859,
6856,
6852,
6848,
6845,
6841,
6837,
6834,
6830,
6827,
6823,
6820,
6816,
6813,
6809,
6805,
6802,
6798,
6795,
6791,
6788,
6785,
6781,
6778,
6774,
6771,
6767,
6764,
6761,
6757,
6754,
6750,
6747,
6744,
6740,
6737,
6734,
6730,
6727,
6724,
6720,
6717,
6714,
6710,
6707,
6704,
6701,
6697,
6694,
6691,
6688,
6684,
6681,
6678,
6675,
6671,
6668,
6665,
6662,
6659,
6655,
6652,
6649,
6646,
6643,
6640,
6637,
6633,
6630,
6627,
6624,
6621,
6618,
6615,
6612,
6609,
6606,

