6614,
6583,
6559,
6539,
6521,
6505,
6490,
6476,
6463,
6451,
6439,
6428,
6417,
6407,
6397,
6387,
6378,
6369,
6360,
6352,
6343,
6335,
6327,
6319,
6312,
6304,
6297,
6290,
6283,
6276,
6269,
6262,
6256,
6249,
6243,
6236,
6230,
6224,
6218,
6212,
6206,
6200,
6194,
6188,
6183,
6177,
6171,
6166,
6161,
6155,
6150,
6145,
6139,
6134,
6129,
6124,
6119,
6114,
6109,
6104,
6099,
6094,
6090,
6085,
6080,
6076,
6071,
6066,
6062,
6057,
6053,
6048,
6044,
6039,
6035,
6031,
6026,
6022,
6018,
6013,
6009,
6005,
6001,
5997,
5993,
5989,
5985,
5980,
5976,
5972,
5968,
5965,
5961,
5957,
5953,
5949,
5945,
5941,
5937,
5934,
5930,
5926,
5922,
5919,
5915,
5911,
5908,
5904,
5900,
5897,
5893,
5890,
5886,
5882,
5879,
5875,
5872,
5868,
5865,
5861,
5858,
5855,
5851,
5848,
5844,
5841,
5838,
5834,
5831,
5828,
5824,
5821,
5818,
5814,
5811,
5808,
5805,
5801,
5798,
5795,
5792,
5789,
5786,
5782,
5779,
5776,
5773,
5770,
5767,
5764,
5761,
5757,
5754,
5751,
5748,
5745,
5742,
5739,
5736,
5733,
5730,
5727,
5724,
5721,
5718,
5715,
5713,
5710,
5707,
5704,
5701,
5698,
5695,
5692,
5689,
5687,
5684,
5681,
5678,
5675,
5672,
5670,
5667,
5664,
5661,
5658,
5656,
5653,
5650,
5647,
5645,
5642,
5639,
5636,
5634,
5631,
5628,
5626,
5623,
5620,
5618,
5615,
5612,
5610,
5607,
5604,
5602,
5599,
5596,
5594,
5591,
5589,
5586,
5583,
5581,
5578,
5576,
5573,
5571,
5568,
5566,
5563,
5560,
5558,
5555,
5553,
5550,
5548,
5545,
5543,
5540,
5538,
5535,
5533,
5530,
5528,
5526,
5523,
5521,
5518,
5516,
5513,
5511,
5508,
5506,
5504,
5501,
5499,
5496,
5494,
5492,
5489,
5487,
5485,
5482,

