7769,
7769,
7736,
7711,
7690,
7671,
7654,
7639,
7624,
7611,
7598,
7586,
7574,
7563,
7552,
7542,
7532,
7522,
7513,
7503,
7495,
7486,
7477,
7469,
7461,
7453,
7445,
7437,
7430,
7422,
7415,
7408,
7401,
7394,
7387,
7381,
7374,
7367,
7361,
7355,
7348,
7342,
7336,
7330,
7324,
7318,
7312,
7306,
7301,
7295,
7289,
7284,
7278,
7273,
7268,
7262,
7257,
7252,
7246,
7241,
7236,
7231,
7226,
7221,
7216,
7211,
7206,
7202,
7197,
7192,
7187,
7182,
7178,
7173,
7169,
7164,
7159,
7155,
7150,
7146,
7142,
7137,
7133,
7129,
7124,
7120,
7116,
7111,
7107,
7103,
7099,
7095,
7091,
7086,
7082,
7078,
7074,
7070,
7066,
7062,
7058,
7054,
7050,
7047,
7043,
7039,
7035,
7031,
7027,
7024,
7020,
7016,
7012,
7009,
7005,
7001,
6998,
6994,
6990,
6987,
6983,
6979,
6976,
6972,
6969,
6965,
6962,
6958,
6955,
6951,
6948,
6944,
6941,
6937,
6934,
6931,
6927,
6924,
6920,
6917,
6914,
6910,
6907,
6904,
6900,
6897,
6894,
6891,
6887,
6884,
6881,
6878,
6875,
6871,
6868,
6865,
6862,
6859,
6856,
6852,
6849,
6846,
6843,
6840,
6837,
6834,
6831,
6828,
6825,
6822,
6819,
6816,
6812,
6809,
6806,
6804,
6801,
6798,
6795,
6792,
6789,
6786,
6783,
6780,
6777,
6774,
6771,
6768,
6765,
6763,
6760,
6757,
6754,
6751,
6748,
6745,
6743,
6740,
6737,
6734,
6731,
6729,
6726,
6723,
6720,
6718,
6715,
6712,
6709,
6707,
6704,
6701,
6698,
6696,
6693,
6690,
6688,
6685,
6682,
6680,
6677,
6674,
6672,
6669,
6666,
6664,
6661,
6658,
6656,
6653,
6651,
6648,
6645,
6643,
6640,
6638,
6635,
6633,
6630,
6627,
6625,
6622,
6620,
6617,
6615,
6612,
6610,
6607,
6605,
6602,
6600,
6597,
6595,
6592,
6590,
6587,

