7604,
7538,
7487,
7444,
7406,
7372,
7341,
7312,
7284,
7259,
7234,
7210,
7188,
7166,
7145,
7125,
7105,
7086,
7067,
7049,
7032,
7015,
6998,
6981,
6965,
6949,
6934,
6919,
6904,
6889,
6875,
6860,
6846,
6833,
6819,
6806,
6792,
6779,
6766,
6754,
6741,
6729,
6717,
6704,
6692,
6681,
6669,
6657,
6646,
6635,
6623,
6612,
6601,
6590,
6579,
6569,
6558,
6548,
6537,
6527,
6517,
6506,
6496,
6486,
6476,
6466,
6457,
6447,
6437,
6428,
6418,
6409,
6399,
6390,
6381,
6372,
6363,
6354,
6344,
6336,
6327,
6318,
6309,
6300,
6292,
6283,
6274,
6266,
6257,
6249,
6241,
6232,
6224,
6216,
6207,
6199,
6191,
6183,
6175,
6167,
6159,
6151,
6143,
6135,
6128,
6120,
6112,
6104,
6097,
6089,
6082,
6074,
6066,
6059,
6051,
6044,
6037,
6029,
6022,
6015,
6007,
6000,
5993,
5986,
5979,
5971,
5964,
5957,
5950,
5943,
5936,
5929,
5922,
5915,
5909,
5902,
5895,
5888,
5881,
5875,
5868,
5861,
5854,
5848,
5841,
5835,
5828,
5821,
5815,
5808,
5802,
5795,
5789,
5782,
5776,
5770,
5763,
5757,
5750,
5744,
5738,
5732,
5725,
5719,
5713,
5707,
5700,
5694,
5688,
5682,
5676,
5670,
5664,
5658,
5652,
5646,
5640,
5634,
5628,
5622,
5616,
5610,
5604,
5598,
5592,
5586,
5580,
5575,
5569,
5563,
5557,
5551,
5546,
5540,
5534,
5529,
5523,
5517,
5511,
5506,
5500,
5495,
5489,
5483,
5478,
5472,
5467,
5461,
5456,
5450,
5445,
5439,
5434,
5428,
5423,
5417,
5412,
5406,
5401,
5396,
5390,
5385,
5380,
5374,
5369,
5364,
5358,
5353,
5348,
5342,
5337,
5332,
5327,
5321,
5316,
5311,
5306,
5301,
5296,
5290,
5285,
5280,
5275,
5270,
5265,
5260,
5255,
5249,
5244,
5239,
5234,
5229,
5224,
5219,
5214,

