7158,
7132,
7112,
7095,
7080,
7066,
7053,
7042,
7031,
7021,
7011,
7001,
6992,
6984,
6975,
6967,
6959,
6952,
6944,
6937,
6930,
6923,
6916,
6910,
6903,
6897,
6891,
6885,
6879,
6873,
6867,
6862,
6856,
6850,
6845,
6840,
6834,
6829,
6824,
6819,
6814,
6809,
6804,
6799,
6795,
6790,
6785,
6781,
6776,
6771,
6767,
6763,
6758,
6754,
6749,
6745,
6741,
6737,
6733,
6728,
6724,
6720,
6716,
6712,
6708,
6704,
6700,
6697,
6693,
6689,
6685,
6681,
6678,
6674,
6670,
6667,
6663,
6659,
6656,
6652,
6649,
6645,
6641,
6638,
6635,
6631,
6628,
6624,
6621,
6617,
6614,
6611,
6608,
6604,
6601,
6598,
6594,
6591,
6588,
6585,
6582,
6578,
6575,
6572,
6569,
6566,
6563,
6560,
6557,
6554,
6551,
6548,
6545,
6542,
6539,
6536,
6533,
6530,
6527,
6524,
6521,
6518,
6515,
6512,
6510,
6507,
6504,
6501,
6498,
6495,
6493,
6490,
6487,
6484,
6482,
6479,
6476,
6473,
6471,
6468,
6465,
6463,
6460,
6457,
6455,
6452,
6449,
6447,
6444,
6442,
6439,
6436,
6434,
6431,
6429,
6426,
6424,
6421,
6419,
6416,
6413,
6411,
6408,
6406,
6403,
6401,
6399,
6396,
6394,
6391,
6389,
6386,
6384,
6381,
6379,
6377,
6374,
6372,
6369,
6367,
6365,
6362,
6360,
6358,
6355,
6353,
6351,
6348,
6346,
6344,
6341,
6339,
6337,
6334,
6332,
6330,
6328,
6325,
6323,
6321,
6319,
6316,
6314,
6312,
6310,
6307,
6305,
6303,
6301,
6299,
6296,
6294,
6292,
6290,
6288,
6286,
6283,
6281,
6279,
6277,
6275,
6273,
6270,
6268,
6266,
6264,
6262,
6260,
6258,
6256,
6254,
6251,
6249,
6247,
6245,
6243,
6241,
6239,
6237,
6235,
6233,
6231,
6229,
6227,
6225,
6223,
6221,
6219,
6217,
6214,
6212,
6210,
6208,
6206,
6204,

