8389,
8354,
8328,
8305,
8285,
8267,
8251,
8235,
8221,
8207,
8194,
8182,
8170,
8159,
8148,
8137,
8127,
8116,
8107,
8097,
8088,
8079,
8070,
8061,
8053,
8044,
8036,
8028,
8020,
8013,
8005,
7998,
7990,
7983,
7976,
7969,
7962,
7955,
7948,
7941,
7935,
7928,
7922,
7915,
7909,
7903,
7897,
7891,
7885,
7879,
7873,
7867,
7861,
7855,
7850,
7844,
7838,
7833,
7827,
7822,
7817,
7811,
7806,
7801,
7795,
7790,
7785,
7780,
7775,
7770,
7765,
7760,
7755,
7750,
7745,
7740,
7735,
7731,
7726,
7721,
7717,
7712,
7707,
7703,
7698,
7694,
7689,
7685,
7680,
7676,
7671,
7667,
7662,
7658,
7654,
7649,
7645,
7641,
7637,
7632,
7628,
7624,
7620,
7616,
7612,
7608,
7604,
7599,
7595,
7591,
7587,
7583,
7579,
7576,
7572,
7568,
7564,
7560,
7556,
7552,
7548,
7545,
7541,
7537,
7533,
7529,
7526,
7522,
7518,
7515,
7511,
7507,
7504,
7500,
7496,
7493,
7489,
7486,
7482,
7478,
7475,
7471,
7468,
7464,
7461,
7457,
7454,
7450,
7447,
7443,
7440,
7437,
7433,
7430,
7426,
7423,
7420,
7416,
7413,
7410,
7406,
7403,
7400,
7397,
7393,
7390,
7387,
7383,
7380,
7377,
7374,
7371,
7367,
7364,
7361,
7358,
7355,
7352,
7348,
7345,
7342,
7339,
7336,
7333,
7330,
7327,
7323,
7320,
7317,
7314,
7311,
7308,
7305,
7302,
7299,
7296,
7293,
7290,
7287,
7284,
7281,
7278,
7275,
7272,
7269,
7267,
7264,
7261,
7258,
7255,
7252,
7249,
7246,
7243,
7240,
7238,
7235,
7232,
7229,
7226,
7223,
7221,
7218,
7215,
7212,
7209,
7206,
7204,
7201,
7198,
7195,
7193,
7190,
7187,
7184,
7182,
7179,
7176,
7173,
7171,
7168,
7165,
7163,
7160,
7157,
7155,
7152,
7149,
7147,
7144,
7141,
7139,
7136,
7133,
7131,

