7433,
7418,
7407,
7397,
7389,
7381,
7374,
7367,
7361,
7355,
7350,
7344,
7339,
7334,
7330,
7325,
7321,
7316,
7312,
7308,
7304,
7300,
7296,
7293,
7289,
7286,
7282,
7279,
7275,
7272,
7269,
7265,
7262,
7259,
7256,
7253,
7250,
7247,
7244,
7241,
7239,
7236,
7233,
7230,
7228,
7225,
7222,
7220,
7217,
7214,
7212,
7209,
7207,
7204,
7202,
7200,
7197,
7195,
7192,
7190,
7188,
7186,
7183,
7181,
7179,
7177,
7174,
7172,
7170,
7168,
7166,
7163,
7161,
7159,
7157,
7155,
7153,
7151,
7149,
7147,
7145,
7143,
7141,
7139,
7137,
7135,
7133,
7131,
7129,
7127,
7126,
7124,
7122,
7120,
7118,
7116,
7114,
7113,
7111,
7109,
7107,
7105,
7104,
7102,
7100,
7098,
7097,
7095,
7093,
7091,
7090,
7088,
7086,
7085,
7083,
7081,
7079,
7078,
7076,
7075,
7073,
7071,
7070,
7068,
7066,
7065,
7063,
7062,
7060,
7058,
7057,
7055,
7054,
7052,
7051,
7049,
7047,
7046,
7044,
7043,
7041,
7040,
7038,
7037,
7035,
7034,
7032,
7031,
7029,
7028,
7026,
7025,
7024,
7022,
7021,
7019,
7018,
7016,
7015,
7013,
7012,
7011,
7009,
7008,
7006,
7005,
7004,
7002,
7001,
6999,
6998,
6997,
6995,
6994,
6993,
6991,
6990,
6988,
6987,
6986,
6984,
6983,
6982,
6980,
6979,
6978,
6976,
6975,
6974,
6973,
6971,
6970,
6969,
6967,
6966,
6965,
6963,
6962,
6961,
6960,
6958,
6957,
6956,
6955,
6953,
6952,
6951,
6950,
6948,
6947,
6946,
6945,
6943,
6942,
6941,
6940,
6938,
6937,
6936,
6935,
6934,
6932,
6931,
6930,
6929,
6928,
6926,
6925,
6924,
6923,
6922,
6920,
6919,
6918,
6917,
6916,
6915,
6913,
6912,
6911,
6910,
6909,
6908,
6906,
6905,
6904,
6903,
6902,
6901,
6899,
6898,
6897,
6896,
6895,
6894,

