8650,
8605,
8569,
8540,
8513,
8489,
8467,
8447,
8428,
8411,
8393,
8377,
8361,
8345,
8332,
8317,
8303,
8291,
8277,
8265,
8253,
8240,
8229,
8217,
8206,
8195,
8185,
8174,
8164,
8153,
8143,
8133,
8124,
8114,
8105,
8096,
8086,
8077,
8068,
8059,
8050,
8042,
8034,
8025,
8017,
8008,
8000,
7993,
7984,
7976,
7968,
7961,
7953,
7945,
7938,
7931,
7923,
7916,
7909,
7901,
7894,
7888,
7880,
7873,
7867,
7859,
7853,
7846,
7839,
7832,
7826,
7819,
7813,
7807,
7799,
7793,
7787,
7781,
7774,
7768,
7762,
7756,
7750,
7744,
7737,
7732,
7726,
7720,
7714,
7708,
7702,
7697,
7690,
7685,
7680,
7673,
7668,
7662,
7657,
7651,
7645,
7640,
7635,
7629,
7624,
7618,
7613,
7607,
7602,
7597,
7592,
7586,
7581,
7576,
7571,
7565,
7560,
7556,
7551,
7545,
7540,
7535,
7530,
7525,
7520,
7515,
7511,
7505,
7500,
7496,
7491,
7485,
7481,
7476,
7472,
7467,
7461,
7457,
7452,
7448,
7443,
7438,
7434,
7429,
7425,
7419,
7415,
7411,
7406,
7401,
7397,
7393,
7388,
7384,
7379,
7374,
7370,
7366,
7362,
7357,
7352,
7348,
7344,
7340,
7335,
7331,
7327,
7323,
7319,
7313,
7309,
7305,
7301,
7296,
7292,
7288,
7284,
7280,
7275,
7272,
7268,
7264,
7260,
7256,
7251,
7247,
7243,
7239,
7235,
7231,
7227,
7223,
7219,
7215,
7211,
7207,
7203,
7199,
7196,
7191,
7187,
7183,
7180,
7176,
7172,
7168,
7164,
7160,
7156,
7153,
7148,
7145,
7141,
7137,
7134,
7130,
7126,
7122,
7118,
7115,
7111,
7107,
7103,
7100,
7096,
7093,
7089,
7085,
7081,
7078,
7074,
7071,
7067,
7063,
7059,
7056,
7052,
7049,
7044,
7041,
7038,
7034,
7031,
7027,
7023,
7020,
7016,
7013,
7010,
7006,
7002,
6999,
6995,
6992,
6989,
