8238,
8195,
8161,
8133,
8108,
8085,
8064,
8045,
8027,
8010,
7993,
7978,
7963,
7948,
7935,
7921,
7908,
7896,
7883,
7871,
7860,
7848,
7837,
7826,
7815,
7805,
7795,
7785,
7775,
7765,
7755,
7746,
7737,
7728,
7719,
7710,
7701,
7692,
7684,
7675,
7667,
7659,
7651,
7643,
7635,
7627,
7619,
7612,
7604,
7596,
7589,
7582,
7574,
7567,
7560,
7553,
7546,
7539,
7532,
7525,
7518,
7512,
7505,
7498,
7492,
7485,
7479,
7472,
7466,
7459,
7453,
7447,
7441,
7435,
7428,
7422,
7416,
7410,
7404,
7398,
7392,
7387,
7381,
7375,
7369,
7364,
7358,
7352,
7347,
7341,
7335,
7330,
7324,
7319,
7314,
7308,
7303,
7297,
7292,
7287,
7281,
7276,
7271,
7266,
7261,
7255,
7250,
7245,
7240,
7235,
7230,
7225,
7220,
7215,
7210,
7205,
7200,
7196,
7191,
7186,
7181,
7176,
7171,
7167,
7162,
7157,
7153,
7148,
7143,
7139,
7134,
7129,
7125,
7120,
7116,
7111,
7106,
7102,
7097,
7093,
7089,
7084,
7080,
7075,
7071,
7066,
7062,
7058,
7053,
7049,
7045,
7041,
7036,
7032,
7028,
7023,
7019,
7015,
7011,
7007,
7002,
6998,
6994,
6990,
6986,
6982,
6978,
6974,
6970,
6965,
6961,
6957,
6953,
6949,
6945,
6941,
6937,
6933,
6929,
6926,
6922,
6918,
6914,
6910,
6906,
6902,
6898,
6894,
6890,
6887,
6883,
6879,
6875,
6871,
6868,
6864,
6860,
6856,
6853,
6849,
6845,
6841,
6838,
6834,
6830,
6827,
6823,
6819,
6815,
6812,
6808,
6805,
6801,
6797,
6794,
6790,
6787,
6783,
6779,
6776,
6772,
6769,
6765,
6762,
6758,
6755,
6751,
6748,
6744,
6741,
6737,
6734,
6730,
6727,
6723,
6720,
6716,
6713,
6709,
6706,
6703,
6699,
6696,
6692,
6689,
6686,
6682,
6679,
6676,
6672,
6669,
6666,
6662,
6659,
6656,

