8260,
8243,
8229,
8218,
8209,
8200,
8192,
8184,
8177,
8170,
8164,
8157,
8152,
8146,
8140,
8135,
8130,
8125,
8120,
8116,
8111,
8107,
8102,
8098,
8094,
8090,
8086,
8082,
8078,
8074,
8070,
8066,
8063,
8059,
8056,
8052,
8049,
8045,
8042,
8039,
8035,
8032,
8029,
8026,
8023,
8020,
8017,
8014,
8011,
8008,
8005,
8002,
7999,
7996,
7993,
7990,
7988,
7985,
7982,
7980,
7977,
7974,
7972,
7969,
7966,
7964,
7961,
7959,
7956,
7954,
7951,
7949,
7946,
7944,
7942,
7939,
7937,
7934,
7932,
7930,
7927,
7925,
7923,
7921,
7918,
7916,
7914,
7912,
7909,
7907,
7905,
7903,
7901,
7899,
7896,
7894,
7892,
7890,
7888,
7886,
7884,
7882,
7880,
7878,
7876,
7874,
7872,
7870,
7868,
7866,
7864,
7862,
7860,
7858,
7856,
7854,
7852,
7850,
7848,
7846,
7844,
7842,
7841,
7839,
7837,
7835,
7833,
7831,
7829,
7828,
7826,
7824,
7822,
7820,
7819,
7817,
7815,
7813,
7811,
7810,
7808,
7806,
7804,
7803,
7801,
7799,
7798,
7796,
7794,
7792,
7791,
7789,
7787,
7786,
7784,
7782,
7781,
7779,
7777,
7776,
7774,
7772,
7771,
7769,
7768,
7766,
7764,
7763,
7761,
7760,
7758,
7756,
7755,
7753,
7752,
7750,
7749,
7747,
7745,
7744,
7742,
7741,
7739,
7738,
7736,
7735,
7733,
7732,
7730,
7729,
7727,
7726,
7724,
7723,
7721,
7720,
7718,
7717,
7715,
7714,
7712,
7711,
7709,
7708,
7706,
7705,
7703,
7702,
7701,
7699,
7698,
7696,
7695,
7693,
7692,
7691,
7689,
7688,
7686,
7685,
7684,
7682,
7681,
7679,
7678,
7677,
7675,
7674,
7673,
7671,
7670,
7668,
7667,
7666,
7664,
7663,
7662,
7660,
7659,
7658,
7656,
7655,
7654,
7652,
7651,
7650,
7648,
7647,
7646,
7644,
7643,
7642,
7640,
7639,
7638,

